# U0 [m]	V0 [m]	Ecart [m]	Altitude [m]
0	0	0.390659796	94.4
-1.043841068	1.334339203	1.694126702	94.4
-1.605909148	2.1127038	0.960089565	94.5
-2.167977059	3.002263373	1.052253093	94.5
-2.730044866	3.780628065	0.960089482	94.5
-3.292112487	4.670187734	1.052253018	94.6
-3.854180021	5.448552522	0.9600894	94.6
-4.41624735	6.338112285	1.052252942	94.6
-4.978314612	7.116477168	0.960089318	94.7
-5.54038165	8.006037026	1.052252866	94.7
-6.102448639	8.784402004	0.960089235	94.7
-6.664515497	9.562767031	0.960089198	94.8
-7.226582102	10.45232703	1.052252756	94.8
-7.788648688	11.23069215	0.960089114	94.8
-8.350715002	12.12025225	1.052252681	94.8
-8.912781314	12.89861746	0.960089032	94.9
-9.474847337	13.78817765	1.052252606	94.9
-10.03691338	14.56654296	0.96008895	94.9
-10.59897911	15.45610325	1.05225253	94.9
-11.16104488	16.23446865	0.960088866	94.9
-11.72311032	17.12402904	1.052252455	95
-12.28517581	17.90239454	0.960088785	95
-12.84724118	18.68076009	0.960088746	95
-13.40930618	19.57032061	1.052252344	95
-13.97137127	20.34868625	0.960088663	95
-14.53343599	21.23824687	1.052252269	95
-15.09550081	22.01661261	0.960088581	95
-15.65756523	22.90617332	1.052252193	95
-16.21962978	23.68453916	0.9600885	95
-16.70139873	24.57409976	1.011641926	95
-17.26346301	25.35246568	0.960088416	95
-17.82552686	26.24202658	1.052252044	95
-18.38759087	27.02039259	0.960088334	95
-18.94965475	27.79875866	0.960088294	95
-19.51171817	28.6883197	1.052251933	95
-20.07378178	29.46668586	0.960088212	95
-20.63584491	30.35624699	1.052251857	95
-21.19790824	31.13461324	0.96008813	95
-21.75997108	32.02417447	1.052251783	95
-22.32203414	32.80254082	0.960088046	95
-22.88409669	33.69210215	1.052251708	95
-23.44615948	34.47046859	0.960087964	95
-24.00822173	35.36003001	1.052251631	95
-24.4899892	36.13839625	0.915398221	95
-25.05205118	37.02795776	1.052251557	95
-25.53381798	37.917519	1.011641466	95
-26.0958801	38.69588567	0.960087757	95
-26.65794164	39.58544731	1.052251441	95
-27.1397085	40.36381375	0.91539806	95
-27.70176976	41.25337548	1.052251366	95
-28.26383087	42.14293726	1.052251325	95
-28.74559735	42.92130381	0.915397963	95
-29.30765818	43.81086567	1.052251249	95
-29.86971937	44.58923266	0.960087465	95
-30.35148497	45.47879426	1.011641206	95
-30.91354537	46.36835626	1.052251134	95
-31.47560615	47.14672338	0.960087337	95
-31.95737136	48.03628509	1.011641119	95
-32.51943187	48.8146523	0.960087255	95
-33.0814917	49.70421449	1.052250984	95
-33.56325651	50.59377632	1.011641031	95
-34.12531662	51.37214366	0.960087128	95
-34.68737602	52.26170598	1.052250868	95
-35.16914101	53.040073	0.915397577	95
-35.73120013	53.92963541	1.052250794	95
-36.2932591	54.81919787	1.052250752	95
-36.93561396	55.48637096	0.926142381	95
-37.6582635	56.15354458	0.983535961	95
-38.30061746	56.93191273	1.009195516	95
-39.0232667	57.59908649	0.983535845	95
-39.74591514	58.37745526	1.062110492	95
-40.38826931	59.04462869	0.926142143	95
-41.11091743	59.8229976	1.062110384	95
-41.83356608	60.49017167	0.983535614	95
-42.47591913	61.26854023	1.00919525	95
-43.19856748	61.93571444	0.983535499	95
-43.84092023	62.71408313	1.009195161	95
-44.56356829	63.38125749	0.983535383	95
-45.28621545	64.15962686	1.062110064	95
-45.92856851	64.82680083	0.926141756	95
-46.65121535	65.60517034	1.062109957	95
-47.29356813	66.27234444	0.926141659	95
-48.01621465	67.05071411	1.062109851	95
-48.65856716	67.71788834	0.926141562	95
-49.38121419	68.38506322	0.983534984	95
-50.10386024	69.16343311	1.062109694	95
-50.74621234	69.83060754	0.926141419	95
-51.46885807	70.60897758	1.062109587	95
-52.11120988	71.27615214	0.926141323	95
-52.8338553	72.05452233	1.062109481	95
-53.55650145	72.72169767	0.983534637	95
-54.19885194	73.50006736	1.009194497	95
-54.92149779	74.16724285	0.983534522	95
-55.56384799	74.94561267	1.009194408	95
-56.28649354	75.61278831	0.983534407	95
-56.92884344	76.39115827	1.009194319	95
-57.6514887	77.05833405	0.983534292	95
-58.37413284	77.83670484	1.062109053	95
-59.01648326	78.50388007	0.926140839	95
-59.73912709	79.28225101	1.062108947	95
-60.38147723	79.94942637	0.926140741	95
-61.10412074	80.72779746	1.062108839	95
-61.74647061	81.39497295	0.926140646	95
-62.4691138	82.17334419	1.062108732	95
-63.11146234	82.95171474	1.009193916	95
-63.7538118	83.61889042	0.926140497	95
-64.47645451	84.39726188	1.062108567	95
-65.1188026	85.17563262	1.00919378	95
-65.76115164	85.8428085	0.926140348	95
-66.48379387	86.62118017	1.062108404	95
-67.12614151	87.39955111	1.009193644	95
-67.76849014	88.06672719	0.926140198	95
-68.4911319	88.84509908	1.062108238	95
-69.13347909	89.62347021	1.009193507	95
-69.77582729	90.29064648	0.926140049	95
-70.49846857	91.06901859	1.062108075	95
-71.1408165	91.73619499	0.926139953	95
-71.7831631	92.51456637	1.009193328	95
-72.50580391	93.2929387	1.06210791	95
-73.14815143	93.9601153	0.926139804	95
-73.79049758	94.73848688	1.009193191	95
-74.51313791	95.51685942	1.062107747	95
-75.155485	96.18403621	0.926139655	95
-75.7978307	96.96240799	1.009193054	95
-76.52047056	97.74078075	1.062107582	95
-77.16281724	98.40795773	0.926139505	95
-77.80516249	99.1863297	1.009192918	95
-78.52780187	99.96470268	1.062107417	95
-79.17014681	100.7430748	1.009192823	95
-79.81249293	101.410252	0.926139304	95
-80.53513183	102.1886252	1.062107253	95
-81.17747632	102.9669975	1.009192686	95
-81.81982067	103.7453699	1.009192638	95
-82.54246046	104.4125484	0.983532107	95
-83.1848045	105.1909209	1.009192549	95
-83.82714839	105.9692934	1.009192502	95
-84.54978774	106.6364721	0.983531929	95
-85.19213133	107.4148448	1.009192412	95
-85.83447477	108.1932175	1.009192365	95
-86.55711223	108.9715914	1.062106751	95
-87.19945682	109.6387693	0.926138753	95
-87.84179981	110.4171423	1.009192227	95
-88.56443679	111.1955164	1.062106587	95
-89.20678097	111.8626945	0.926138604	95
-89.84912351	112.6410676	1.009192091	95
-90.57176001	113.4194419	1.062106422	95
-91.21410224	114.1978152	1.009191996	95
-91.85644586	114.8649936	0.926138402	95
-92.57908189	115.6433681	1.062106259	95
-93.22142367	116.4217416	1.009191858	95
-93.86376687	117.0889202	0.926138254	95
-94.58640242	117.8672949	1.062106094	95
-95.22874376	118.6456685	1.009191722	95
-95.87108494	119.4240422	1.009191675	95
-96.59372162	120.0912223	0.983530855	95
-97.2360625	120.8695961	1.009191585	95
-97.87840323	121.64797	1.009191537	95
-98.60103947	122.3151503	0.983530677	95
-99.2433799	123.0935243	1.009191448	95
-99.88572018	123.8718984	1.009191401	95
-100.6083543	124.6502738	1.062105592	95
-101.250696	125.3174531	0.926137703	95
-101.8930358	126.0958274	1.009191263	95
-102.6156694	126.874203	1.062105428	95
-103.2580107	127.5413825	0.926137553	95
-103.980644	128.3197582	1.062105321	95
-104.6229832	129.0981328	1.00919108	95
-105.345618	129.7653138	0.983530083	95
-105.9879569	130.5436885	1.00919099	95
-106.7105913	131.2108696	0.983529968	95
-107.35293	131.9892444	1.009190901	95
-107.9952702	132.6564244	0.92613721	95
-108.7179024	133.4348006	1.062104943	95
-109.3602425	134.1019807	0.926137115	95
-110.0828743	134.8803571	1.062104835	95
-110.8055061	135.6587336	1.062104777	95
-111.4478456	136.3259139	0.926136966	95
-112.170477	137.1042905	1.062104671	95
-112.8128163	137.771471	0.926136869	95
-113.5354474	138.5498477	1.062104564	95.1
-114.1777865	139.2170283	0.926136772	95.1
-114.9004172	139.9954052	1.062104457	95.1
-115.542756	140.6625859	0.926136675	95.2
-116.2653864	141.440963	1.06210435	95.2
-116.9077229	142.2193387	1.009190272	95.2
-117.630355	142.886521	0.983529036	95.3
-118.2726913	143.6648969	1.009190183	95.3
-118.995323	144.3320794	0.98352892	95.3
-119.7179527	145.1104568	1.062104078	95.4
-120.3602905	145.777638	0.926136332	95.4
-121.0829198	146.5560156	1.062103972	95.4
-121.7252573	147.2231969	0.926136235	95.4
-122.4478863	148.0015746	1.062103864	95.5
-123.0902215	148.779951	1.00918987	95.5
-123.8128522	149.447134	0.983528511	95.5
-124.4551871	150.2255104	1.009189779	95.6
-125.1778176	150.8926935	0.983528396	95.6
-125.8201521	151.6710702	1.009189691	95.6
-126.5427823	152.3382534	0.983528281	95.7
-127.1851165	153.1166302	1.009189603	95.7
-127.9077443	153.8950085	1.062103428	95.7
-128.5500804	154.5621905	0.926135744	95.8
-129.2727078	155.340569	1.062103323	95.8
-129.9953372	156.0077526	0.983527987	95.8
-130.6376707	156.7861297	1.009189376	95.8
-131.3602999	157.4533135	0.983527873	95.9
-132.0026331	158.2316907	1.009189288	95.9
-132.7252619	158.8988746	0.983527756	95.9
-133.3675948	159.677252	1.009189199	96
-134.0902234	160.344436	0.983527641	96
-134.8128495	161.1228151	1.062102895	96
-135.5354777	161.7899994	0.983527526	96
-136.2581058	162.4571837	0.983527472	96
-136.9807315	163.235563	1.062102739	96
-137.6230658	163.9027459	0.926135117	96
-138.3456934	164.5699304	0.983527303	96
-139.0683186	165.34831	1.062102583	96
-139.790946	166.0154947	0.983527188	96
-140.5135708	166.7938744	1.062102475	96
-141.1559044	167.4610576	0.926134879	96
-141.8785313	168.1282425	0.98352702	96
-142.6011557	168.9066224	1.062102319	96
-143.3237823	169.5738075	0.983526904	96
-144.0464088	170.2409927	0.983526851	96
-144.6887393	171.0193711	1.009188502	96
-145.4113655	171.6865565	0.983526735	96
-146.133989	172.4649368	1.062102056	96
-146.8566149	173.1321223	0.983526621	96
-147.4989473	173.799306	0.926134455	96
-148.3018662	174.4664935	1.043943444	96
-149.1047875	175.022486	0.976632156	96
-149.9077062	175.6896737	1.04394333	96
-150.7909206	176.2456683	1.04364631	96
-151.5938414	176.8016611	0.976631979	96
-152.3967622	177.3576541	0.976631924	96
-153.1996802	178.0248421	1.043943114	96
-153.9223073	178.5808335	0.911765496	96
-154.7252277	179.1368267	0.976631747	96
-155.5281453	179.804015	1.043942948	96
-156.3310653	180.3600085	0.976631626	96
-157.1339852	180.916002	0.97663157	96
-157.9369024	181.5831906	1.043942783	96
-158.739822	182.1391844	0.976631449	96
-159.6230348	182.6951801	1.043645586	96
-160.5062528	183.0287862	0.944122352	96
-161.389468	183.4735873	0.988896915	96
-162.3529763	183.9183904	1.061224856	96
-163.2361913	184.3631917	0.988896808	96
-164.1194062	184.8079932	0.988896756	96
-165.0829169	185.1416018	1.019631138	96
-165.9661315	185.5864035	0.988896664	96
-166.849346	186.0312053	0.988896611	96
-167.8128536	186.4760093	1.06122452	96
-168.6960707	186.8096164	0.944121883	96
-169.5792849	187.2544186	0.988896466	96
-170.4624989	187.6992208	0.988896413	96
-171.4260061	188.1440253	1.061224301	96
-172.3092227	188.4776329	0.944121676	96
-173.1924364	188.9224356	0.988896268	96
-174.2362393	189.2560476	1.095819993	96
-175.1997518	189.4784628	0.988850278	96
-176.1632643	189.7008781	0.988850246	96
-177.1267767	189.9232935	0.988850215	96
-178.090289	190.1457091	0.988850184	96
-179.0538012	190.3681248	0.988850153	96
-180.0173134	190.5905407	0.988850121	96
-180.9808225	190.9241516	1.019630346	96
-181.9443346	191.1465678	0.988850042	96.1
-182.9078466	191.3689841	0.988850011	96.1
-183.8713585	191.5914005	0.98884998	96.1
-184.8348703	191.8138171	0.988849948	96.1
-185.798379	192.1474287	1.019630179	96.1
-186.8421901	192.1474579	1.043811118	96.2
-187.8057144	191.9250952	0.988849902	96.2
-188.7692355	191.8139276	0.969913006	96.2
-189.7327567	191.7027601	0.969913022	96.2
-190.7765711	191.591595	1.049717165	96.2
-191.7400955	191.3692329	0.98884998	96.3
-192.7036168	191.2580658	0.969913086	96.3
-193.7474313	191.1469012	1.049717234	96.3
-194.7109559	190.9245395	0.988850043	96.3
-195.6744773	190.8133728	0.96991315	96.4
-196.7182919	190.7022087	1.049717303	96.4
-197.6818134	190.5910423	0.969913182	96.4
-198.6453382	190.3686812	0.988850121	96.4
-200.4920949	189.9239569	1.899549898	96.5
-201.4556233	189.5904012	1.019630484	96.5
-202.4191517	189.2568457	1.019630529	96.5
-203.3023871	188.9232879	0.944121579	96.6
-204.2659158	188.5897326	1.01963062	96.6
-205.2294445	188.2561775	1.019630666	96.6
-206.1929734	187.9226225	1.019630712	96.7
-207.0762091	187.5890652	0.944121745	96.7
-208.0397382	187.2555105	1.019630803	96.7
-209.0032673	186.9219559	1.019630849	96.7
-209.8865034	186.588399	0.94412187	96.8
-210.8500327	186.2548447	1.01963094	96.8
-211.8135621	185.9212905	1.019630986	96.8
-212.6967984	185.5877339	0.944121993	96.8
-213.660328	185.25418	1.019631077	96.8
-214.6238578	184.9206263	1.019631123	96.9
-215.5070943	184.5870701	0.944122118	96.9
-216.4706242	184.2535166	1.019631214	96.9
-217.4341542	183.9199632	1.01963126	96.9
-218.3976843	183.58641	1.019631305	96.9
-219.2809213	183.2528543	0.944122284	96.9
-220.2444516	182.9193014	1.019631397	97
-221.2079819	182.5857486	1.019631442	97
-222.0912154	182.3633881	0.910793912	97
-223.054746	182.0298356	1.019631519	97
-224.0182767	181.6962832	1.019631564	97
-224.9015141	181.3627282	0.944122519	97
-225.865045	181.0291761	1.019631656	97
-226.8285759	180.6956241	1.019631701	97
-227.7118136	180.3620695	0.944122643	97
-228.6753448	180.0285178	1.019631793	97
-229.638876	179.6949662	1.019631838	97
-230.6024112	179.2502199	1.061225413	97
-231.4856493	178.9166658	0.944122823	97
-232.3688914	178.4719169	0.988897455	97
-233.3324269	178.0271709	1.061225574	97
-234.2156653	177.6936172	0.944122974	97
-235.0989078	177.2488686	0.9888976	97
-235.9821503	176.8041202	0.988897654	97
-236.9456864	176.3593748	1.061225793	97
-237.8289252	176.0258215	0.944123182	97
-238.7121681	175.5810735	0.988897799	97
-239.6757045	175.1363284	1.061225954	97
-240.5589436	174.8027755	0.944123334	97
-241.4421868	174.3580278	0.988897944	97
-242.4057236	173.9132832	1.061226115	97
-243.2889671	173.4685357	0.988898049	97
-244.1722066	173.1349833	0.944123541	97
-245.1357437	172.690239	1.061226276	97
-246.0189875	172.245492	0.988898195	97.1
-246.9022315	171.800745	0.988898247	97.1
-247.8657648	171.467196	1.019632965	97.1
-248.7490048	171.1336442	0.94412379	97.1
-249.7125425	170.6889006	1.061226539	97.1
-250.6760761	170.3553521	1.019633117	97.1
-251.5593165	170.0218007	0.944123927	97.1
-252.5228503	169.6882524	1.019633208	97.1
-253.406095	169.2435063	0.988898551	97.2
-254.369629	168.9099583	1.019633315	97.2
-255.2528697	168.5764074	0.944124107	97.2
-256.2164039	168.2428597	1.019633406	97.2
-257.0996448	167.909309	0.94412419	97.2
-258.0631835	167.4645666	1.061226963	97.2
-259.0267181	167.1310193	1.019633559	97.2
-259.9099592	166.7974689	0.944124328	97.2
-260.8734939	166.4639219	1.01963365	97.3
-261.8370287	166.130375	1.019633696	97.3
-262.7202745	165.6856301	0.988898973	97.3
-263.6838096	165.3520834	1.019633802	97.3
-264.6473447	165.0185369	1.019633847	97.3
-265.5305864	164.6849874	0.944124591	97.3
-266.4941217	164.3514411	1.01963394	97.3
-267.3773681	163.9066969	0.988899183	97.3
-268.3409036	163.5731509	1.019634046	97.3
-269.2241502	163.1284069	0.988899275	97.4
-270.1073969	162.683663	0.988899329	97.4
-271.0709327	162.3501174	1.019634213	97.4
-271.9541796	161.9053738	0.988899421	97.4
-272.8374267	161.4606303	0.988899474	97.4
-273.8009628	161.1270851	1.019634381	97.4
-274.6842101	160.6823418	0.988899566	97.4
-275.5674529	160.3487936	0.94412513	97.5
-276.4507004	159.9040505	0.988899658	97.5
-277.4142416	159.4593109	1.061228016	97.5
-278.2974847	159.125763	0.944125282	97.5
-279.1807325	158.6810204	0.988899803	97.5
-280.1442741	158.2362812	1.061228177	97.5
-281.0275175	157.9027337	0.944125434	97.5
-281.9107656	157.4579913	0.988899948	97.5
-282.8743028	157.1244475	1.019634929	97.6
-283.7575512	156.6797054	0.988900041	97.6
-284.6407998	156.2349634	0.988900093	97.6
-285.6043373	155.90142	1.019635096	97.6
-286.5678796	155.4566817	1.061228542	97.6
-287.4511237	155.123135	0.944125779	97.6
-288.4146615	154.789592	1.019635248	97.6
-289.2979106	154.3448506	0.988900318	97.6
-290.2614486	154.0113078	1.019635355	97.7
-291.1446979	153.5665667	0.98890041	97.7
-292.1082361	153.2330242	1.019635462	97.7
-292.9914808	152.8994783	0.944126055	97.7
-293.9550241	152.4547411	1.061228938	97.8
-294.9185626	152.121199	1.019635613	97.8
-295.8018125	151.6764585	0.988900634	97.8
-296.7653512	151.3429166	1.01963572	97.8
-297.6485963	151.0093713	0.94412629	97.8
-298.6121402	150.5646348	1.061229186	97.9
-299.4953855	150.2310898	0.944126386	97.9
-300.4589297	149.7863535	1.061229289	97.9
-301.4224689	149.4528123	1.019635979	97.9
-302.3859981	149.3416612	0.969919119	97.9
-303.3495273	149.2305101	0.969919135	97.9
-304.3933452	149.2305578	1.043817854	97.9
-305.3568744	149.1194071	0.969919151	97.9
-306.4006974	149.0082601	1.049723811	98
-307.3642268	148.8971097	0.969919183	98
-308.4080498	148.7859631	1.049723846	98
-309.3715741	148.7860078	0.963524238	98
-310.3351035	148.6748578	0.969919215	98
-311.3789266	148.5637117	1.04972388	98
-312.3424457	148.6749518	0.969919231	98
-313.3862584	148.7861958	1.049723863	98
-314.3497774	148.8974362	0.969919199	98
-315.3132963	149.0086767	0.969919183	98
-316.2768099	149.2311124	0.98885596	98
-317.3206225	149.342357	1.049723776	98
-318.2841413	149.453598	0.969919119	98
-319.2476601	149.5648391	0.969919103	98
-320.2914726	149.6760842	1.049723724	98
-321.2549913	149.7873256	0.969919071	98
-322.2185046	150.0097621	0.98885585	98
-323.2623169	150.1210077	1.049723654	98
-324.2258356	150.2322495	0.969919007	98
-325.1893542	150.3434915	0.969918991	98
-326.2331664	150.4547375	1.049723602	98
-327.1966849	150.5659798	0.969918958	98
-328.1601979	150.7884171	0.98885574	98
-329.1237053	151.1220495	1.019635795	98
-330.0872127	151.455682	1.01963575	98
-330.9704263	151.7893107	0.944126234	98
-331.9339334	152.1229435	1.019635659	98
-332.8171413	152.5677674	0.98890058	98
-333.700349	153.0125913	0.988900528	98
-334.583551	153.5686103	1.043648859	98
-335.4667585	154.0134345	0.988900408	98
-336.2696722	154.4582548	0.917897346	98.1
-337.1528738	155.0142741	1.043648697	98.1
-338.036081	155.4590987	0.988900237	98.1
-338.919288	155.9039233	0.988900184	98.2
-339.8024892	156.459943	1.043648534	98.2
-340.6856959	156.9047679	0.988900066	98.3
-341.4885975	157.5719787	1.043945012	98.3
-342.0506125	158.3503721	0.960081835	98.3
-342.692921	159.1287696	1.009189232	98.4
-343.3352293	159.9071672	1.009189184	98.4
-343.9775375	160.6855649	1.009189136	98.4
-344.6198455	161.4639626	1.009189089	98.4
-345.2621533	162.2423604	1.009189041	98.5
-345.8241675	163.0207541	0.960081603	98.5
-346.4664751	163.7991521	1.009188946	98.5
-347.1087825	164.57755	1.009188896	98.6
-347.7510898	165.3559481	1.00918885	98.6
-348.3933969	166.1343462	1.009188801	98.6
-349.0357038	166.9127444	1.009188754	98.6
-349.5977172	167.6911384	0.960081372	98.7
-350.2400297	168.3583417	0.926134819	98.7
-350.8823362	169.1367401	1.009188617	98.7
-351.5246426	169.9151385	1.009188568	98.8
-352.1669488	170.6935369	1.009188521	98.8
-352.7289556	171.5831261	1.052245482	98.8
-353.2106747	172.3615162	0.915393026	98.8
-353.7726812	173.2511055	1.052245406	98.9
-354.3346935	174.0294999	0.960081058	98.9
-354.8164063	174.919085	1.01163674	98.9
-355.3784124	175.8086744	1.052245289	98.9
-355.9404242	176.587069	0.960080933	98.9
-356.50243	177.4766585	1.052245214	98.9
-356.9841483	178.2550488	0.915392803	98.9
-357.5461537	179.1446384	1.052245139	98.8
-358.1081651	179.9230331	0.960080767	98.8
-358.589877	180.8126185	1.011636537	98.8
-359.151888	181.5910133	0.960080684	98.8
-359.7138929	182.4806031	1.052244989	98.8
-360.2759037	183.258998	0.960080602	98.8
-360.7576151	184.1485836	1.011636422	98.7
-361.3196196	185.0381735	1.052244873	98.7
-361.88163	185.8165685	0.960080475	98.7
-362.4436341	186.7061585	1.052244798	98.7
-362.925351	187.4845493	0.915392451	98.7
-363.4873549	188.3741394	1.052244722	98.7
-364.0493648	189.1525346	0.96008031	98.7
-364.5310752	190.0421204	1.011636218	98.7
-365.0930848	190.8205158	0.960080227	98.7
-365.6550882	191.710106	1.052244573	98.7
-366.2170975	192.4885015	0.960080145	98.7
-366.6988074	193.3780874	1.011636102	98.6
-367.2608103	194.2676778	1.052244457	98.6
-367.8228192	195.0460734	0.960080018	98.7
-368.3045287	195.9356595	1.011636014	98.7
-368.8665373	196.7140551	0.960079936	98.7
-369.4285397	197.6036457	1.052244306	98.7
-369.990548	198.3820414	0.960079853	98.7
-370.472257	199.2716277	1.011635899	98.7
-371.0342651	200.0500235	0.960079771	98.7
-371.5159738	200.9396098	1.011635842	98.7
-372.0779754	201.8292006	1.052244116	98.7
-372.6399831	202.6075966	0.960079644	98.7
-373.1216915	203.497183	1.011635754	98.7
-373.6836926	204.386774	1.052243999	98.8
-374.1654069	205.1651656	0.915391775	98.8
-374.7274079	206.0547566	1.052243924	98.8
-375.2091219	206.8331483	0.915391712	98.8
-375.7711225	207.7227394	1.052243849	98.8
-376.2528301	208.6123261	1.011635577	98.8
-376.8148367	209.3907224	0.960079309	98.8
-377.296544	210.2803091	1.011635519	98.8
-377.7782511	211.1698959	1.011635489	98.7
-378.3402573	211.9482923	0.960079182	98.7
-378.8219642	212.8378791	1.01163543	98.7
-379.3839638	213.7274706	1.052243578	98.7
-379.8656768	214.5058626	0.915391419	98.7
-380.4276761	215.3954541	1.052243503	98.7
-380.9093889	216.1738462	0.915391356	98.7
-381.4713879	217.0634378	1.052243427	98.7
-381.953094	217.9530249	1.011635255	98.6
-382.5150992	218.7314217	0.960078846	98.6
-382.996805	219.6210088	1.011635197	98.6
-383.5588035	220.5106006	1.052243272	98.6
-384.0405155	221.2889929	0.915391161	98.6
-384.6025137	222.1785848	1.052243196	98.6
-385.0842255	222.9569771	0.915391097	98.6
-385.6462234	223.8465691	1.052243121	98.6
-386.1279284	224.7361565	1.01163502	98.6
-386.6096398	225.514549	0.915391001	98.6
-387.1716373	226.4041411	1.052243005	98.6
-387.653342	227.2937285	1.011634933	98.5
-388.2153457	228.0721258	0.960078384	98.6
-388.6970501	228.9617134	1.011634875	98.6
-389.259047	229.8513057	1.05224285	98.6
-389.8210504	230.6297031	0.960078258	98.6
-390.3027543	231.5192907	1.011634786	98.6
-390.8647574	232.2976882	0.960078175	98.6
-391.3464611	233.187276	1.011634729	98.6
-391.9084574	234.0768685	1.052242659	98.6
-392.3901674	234.8552614	0.915390643	98.6
-392.9521633	235.744854	1.052242584	98.6
-393.4338665	236.6344419	1.01163461	98.6
-393.9958688	237.4128396	0.960077922	98.6
-394.4775717	238.3024276	1.011634552	98.6
-395.0395671	239.1920204	1.052242428	98.6
-395.5212764	239.9704135	0.915390448	98.6
-396.0832715	240.8600064	1.052242354	98.6
-396.5649805	241.6383995	0.915390384	98.6
-397.1269754	242.5279925	1.052242278	98.6
-397.6086775	243.4175807	1.011634375	98.6
-398.1706787	244.1959788	0.960077586	98.6
-398.6523806	245.0855671	1.011634319	98.6
-399.2143748	245.9751602	1.052242121	98.6
-399.6960831	246.7535536	0.91539019	98.6
-400.0974854	247.7543321	1.078277038	98.6
-400.3383094	248.643906	0.921595301	98.6
-400.5791265	249.6446749	1.029335309	98.5
-400.7396511	250.6454389	1.013556493	98.5
-400.9804682	251.6462077	1.029335293	98.5
-401.2212918	252.5357817	0.921595263	98.5
-401.4621087	253.5365505	1.029335276	98.4
-401.7029255	254.5373194	1.029335269	98.4
-401.943749	255.4268934	0.921595234	98.4
-402.1845657	256.4276623	1.029335252	98.3
-402.4253823	257.4284312	1.029335244	98.3
-402.6662055	258.3180052	0.921595208	98.3
-402.907022	259.3187741	1.029335229	98.2
-403.1478384	260.3195431	1.029335218	98.2
-403.3886547	261.320312	1.02933521	98.2
-403.6294777	262.209886	0.921595172	98.2
-403.8702938	263.210655	1.029335194	98.1
-404.1111099	264.211424	1.029335187	98.1
-404.3519327	265.100998	0.921595143	98.1
-404.3518719	266.1017523	1.000754339	98
-404.351811	267.1025067	1.00075434	98
-404.3517502	268.103261	1.000754338	98
-404.3516893	269.1040154	1.000754339	97.9
-404.3516285	270.1047697	1.000754339	97.9
-404.3515676	271.105524	1.000754339	97.9
-404.3515067	272.1062784	1.000754339	97.8
-404.3514459	273.1070327	1.000754339	97.8
-404.2710929	274.1077822	1.00397016	97.8
-404.271032	275.1085365	1.000754338	97.7
-404.2709712	276.1092908	1.000754339	97.7
-404.2709104	277.1100452	1.000754339	97.7
-404.2708495	278.1107995	1.000754339	97.6
-404.2707887	279.1115538	1.00075434	97.6
-404.2707278	280.1123082	1.000754338	97.6
-404.1903749	281.1130576	1.003970153	97.5
-403.8691458	282.1137925	1.051027281	97.5
-403.6282088	283.1145322	1.029335026	97.5
-403.3872786	284.004077	0.921594968	97.4
-403.1463418	285.0048167	1.02933501	97.4
-402.825113	286.0055516	1.051027224	97.4
-402.5841831	286.8950964	0.921594938	97.4
-402.3432465	287.8958362	1.029334987	97.3
-402.1023099	288.8965759	1.029334978	97.3
-401.7810882	289.7861159	0.945761496	97.3
-401.5401518	290.7868557	1.029334962	97.2
-401.2992155	291.7875955	1.029334954	97.2
-401.058286	292.6771404	0.921594884	97.2
-400.7370579	293.6778754	1.051027111	97.1
-400.4961285	294.5674203	0.921594866	97.1
-400.2551925	295.5681601	1.029334921	97.1
-399.7733875	296.4576905	1.011632549	97
-399.2915827	297.347221	1.011632517	97
-398.7294928	298.1255518	0.960074921	97
-398.1673963	299.0150775	1.052239729	97
-397.6053067	299.7934084	0.960074837	97
-397.1235024	300.682939	1.011632403	97
-396.561413	301.4612699	0.960074754	97
-395.9993171	302.3507958	1.052239578	97
-395.5175198	303.1291317	0.915388043	97
-394.9554242	304.0186577	1.052239503	97
-394.3933288	304.9081837	1.052239463	97
-393.8312401	305.6865149	0.960074546	97
-393.3494367	306.5760458	1.0116322	97
-392.7873483	307.3543771	0.960074463	97
-392.2252534	308.2439033	1.052239313	97
-391.743457	309.0222394	0.915387818	97
-391.1813624	309.9117657	1.052239237	97
-390.4586976	310.5788928	0.983515647	97
-389.7360329	311.24602	0.983515594	97
-389.0133683	311.9131472	0.98351554	97
-388.2906974	312.6914695	1.062091691	97
-387.5680332	313.3585969	0.983515425	97
-386.845369	314.0257243	0.983515372	97
-386.1227051	314.6928519	0.983515318	97
-385.4000413	315.3599795	0.983515266	97
-384.6773712	316.1383022	1.062091435	97
-383.9547077	316.80543	0.98351515	97
-383.2320443	317.4725579	0.983515097	97
-382.5093811	318.1396858	0.983515044	97
-381.786718	318.8068139	0.98351499	97
-381.0640487	319.5851369	1.06209118	97
-380.3413859	320.2522651	0.983514875	97
-379.6187233	320.9193933	0.983514821	97
-378.8960608	321.5865217	0.983514768	97
-378.1733984	322.2536501	0.983514716	97
-377.4507362	322.9207786	0.983514662	96.9
-376.6477826	323.5879027	1.043929596	96.9
-375.9251207	324.2550313	0.983514555	96.9
-375.202459	324.9221601	0.983514503	96.8
-374.3995058	325.5892844	1.043929411	96.8
-373.6768444	326.2564133	0.983514396	96.8
-372.954183	326.9235423	0.983514342	96.7
-372.1512304	327.5906669	1.043929225	96.7
-371.4285693	328.257796	0.983514236	96.7
-370.7059085	328.9249253	0.983514182	96.6
-369.9029562	329.5920501	1.043929039	96.6
-369.1802957	330.2591795	0.983514077	96.5
-368.4576353	330.926309	0.983514022	96.5
-367.6546835	331.5934341	1.043928854	96.5
-366.9320234	332.2605638	0.983513916	96.4
-366.2093634	332.9276935	0.983513863	96.4
-365.4064121	333.5948189	1.043928668	96.4
-364.6837524	334.2619488	0.983513755	96.3
-363.9610929	334.9290787	0.983513704	96.3
-363.1581421	335.5962044	1.043928482	96.3
-362.3551975	336.1521352	0.976616161	96.2
-361.4719616	336.7080618	1.043628276	96.2
-360.6690172	337.2639928	0.976616052	96.2
-359.7857877	337.7087247	0.988878619	96.1
-358.9828436	338.2646559	0.976615953	96.1
-358.0996083	338.8205829	1.043628038	96
-357.2966645	339.3765144	0.976615842	96
-356.4134354	339.8212467	0.988878369	96
-355.5302005	340.3771741	1.043627863	95.9
-354.7272571	340.9331058	0.976615687	95.9
-353.8440225	341.4890334	1.043627739	95.9
-353.0410853	341.9337704	0.917877546	95.8
-352.1578509	342.4896982	1.043627626	95.8
-351.3549081	343.0456304	0.976615478	95.7
-350.471674	343.6015584	1.0436275	95.7
-349.588446	344.0462916	0.988877868	95.7
-348.7855035	344.6022241	0.976615323	95.6
-347.9022699	345.1581525	1.043627326	95.6
-347.0993277	345.7140851	0.976615212	95.6
-346.2161002	346.1588188	0.988877617	95.5
-345.4131583	346.7147517	0.976615114	95.5
-344.5299252	347.2706805	1.043627088	95.4
-343.6466923	347.8266094	1.043627026	95.4
-342.8437508	348.3825426	0.976614948	95.4
-341.9605239	348.8272769	0.9888773	95.3
-341.1575826	349.3832102	0.976614848	95.3
-340.2743503	349.9391396	1.043626789	95.2
-339.4714093	350.4950732	0.976614738	95.2
-338.5078973	350.8286089	1.019608453	95.2
-337.624671	351.2733437	0.988877011	95.1
-336.6611592	351.6068796	1.019608347	95.1
-335.7779332	352.0516147	0.988876918	95
-334.8947072	352.4963498	0.988876865	95
-333.9311957	352.8298862	1.019608179	95
-333.04797	353.2746216	0.988876773	95
-332.0844588	353.6081582	1.019608073	95
-331.2012333	354.0528938	0.988876681	95
-330.2377167	354.4976256	1.061202417	95
-329.3544969	354.8311666	0.944101007	95
-328.3909806	355.2758987	1.061202315	95
-327.507761	355.6094399	0.944100911	95
-326.6245361	356.0541762	0.988876443	95
-325.6610201	356.4989086	1.061202154	95
-324.7778008	356.8324502	0.944100759	95
-323.8142851	357.2771829	1.061202052	95
-322.931066	357.6107248	0.944100662	95
-321.9675505	358.0554577	1.061201949	95
-321.0843263	358.5001947	0.988876153	95
-320.1208164	358.8337331	1.019607357	95
-319.2375924	359.2784703	0.98887606	95
-318.3543738	359.6120128	0.944100413	95
-317.3908589	360.0567464	1.061201687	95
-316.5076352	360.501484	0.988875915	95
-315.624417	360.8350268	0.944100262	95
-314.6609024	361.2797609	1.061201526	95.1
-313.7776843	361.6133039	0.944100164	95.1
-312.8141752	361.9468433	1.019606931	95.1
-311.8506663	362.2803828	1.019606885	95.1
-310.8871522	362.7251174	1.061201335	95
-310.0039345	363.058661	0.944099985	95
-309.0404258	363.3922009	1.019606733	95
-308.0769172	363.725741	1.019606687	94.9
-307.1936998	364.0592849	0.944099861	94.9
-306.2301914	364.3928252	1.019606596	94.9
-305.266683	364.7263657	1.019606551	94.8
-304.3834608	365.1711049	0.988875361	94.8
-303.4199527	365.5046457	1.019606444	94.8
-302.4564447	365.8381866	1.019606398	94.8
-301.4929368	366.1717276	1.019606352	94.7
-300.60972	366.5052724	0.944099557	94.7
-299.6462123	366.8388137	1.019606261	94.7
-298.6827047	367.1723551	1.019606215	94.6
-297.7994882	367.5059003	0.944099432	94.6
-296.8359808	367.839442	1.019606124	94.6
-295.8724734	368.1729838	1.019606078	94.5
-294.9892523	368.6177243	0.988874953	94.5
-294.0257451	368.9512664	1.019605972	94.5
-293.0622381	369.2848087	1.019605926	94.4
-292.1790222	369.6183546	0.944099169	94.4
-291.2155153	369.9518971	1.019605835	94.4
-290.2520086	370.2854398	1.01960579	94.4
-289.2885019	370.6189826	1.019605744	94.3
-288.4052864	370.952529	0.944099003	94.3
-287.4417799	371.286072	1.019605652	94.3
-286.4782735	371.6196152	1.019605606	94.3
-285.5950535	372.064357	0.988874544	94.3
-284.5512658	372.1755071	1.049688996	94.3
-283.5877692	372.2866609	0.969887046	94.3
-282.6242774	372.2866199	0.963491854	94.3
-281.5804898	372.3977705	1.049688961	94.3
-280.6169933	372.5089247	0.969887014	94.2
-279.5732105	372.5088808	1.043782807	94.2
-278.609714	372.6200353	0.969886998	94.2
-277.5659266	372.7311865	1.049688909	94.2
-276.6024348	372.7311464	0.96349179	94.2
-275.6389384	372.8423013	0.969886966	94.2
-274.595151	372.9534531	1.049688875	94.1
-273.6316593	372.9534133	0.963491758	94.1
-272.587872	373.0645654	1.049688857	94.1
-271.6243757	373.1757209	0.969886918	94.1
-270.580593	373.1756784	1.043782703	94.1
-269.6170968	373.2868342	0.969886902	94
-268.6536051	373.2867952	0.963491709	94
-267.6098313	373.0643632	1.067211121	94
-266.6463485	372.8419347	0.988824359	94
-265.6828656	372.6195062	0.988824391	94
-264.7193827	372.397078	0.988824422	94
-263.7558997	372.1746498	0.988824453	94
-262.7121256	371.9522187	1.067211291	94
-261.7486424	371.7297908	0.988824516	94
-260.7851592	371.5073631	0.988824547	94
-259.8216759	371.2849355	0.988824579	94
-258.8581883	371.173703	0.969887189	94
-257.8947092	370.8400808	1.019605666	94
-257.0115253	370.3952669	0.988874687	94
-256.0480503	369.9504501	1.061200325	94
-255.1648662	369.5056364	0.988874793	94
-254.2816777	369.1720178	0.944099182	94
-253.3182024	368.7272013	1.061200485	94
-252.4350179	368.282388	0.988874938	94
-251.5518291	367.9487698	0.944099334	94
-250.5883534	367.5039537	1.061200646	94
-249.7051686	367.0591408	0.988875083	94
-248.8219837	366.614328	0.988875136	94
-248.0190939	366.0583233	0.976613135	94
-247.2162039	365.5023188	0.976613191	94
-246.4133179	364.8351195	1.043925702	94
-245.6104277	364.2791151	0.976613312	94
-244.7272462	363.7231079	1.043625174	94
-243.9243598	363.0559089	1.043925867	94
-243.1214691	362.4999048	0.976613489	94
-242.3185783	361.9439009	0.976613544	94
-241.6762777	361.165513	1.009176762	94
-241.033977	360.3871252	1.009176809	94
-240.391676	359.6087375	1.009176859	94
-239.749375	358.8303498	1.009176904	94
-239.1070738	358.0519622	1.009176954	94
-238.3844772	357.3847667	0.983511854	94
-237.7421757	356.6063792	1.009177043	94
-237.0998741	355.8279918	1.00917709	94
-236.4575723	355.0496045	1.009177138	94
-235.8152703	354.2712172	1.009177186	94
-235.1729682	353.4928299	1.009177233	94
-234.6912523	352.6032535	1.011630579	94
-234.2095323	351.824872	0.915386153	94
-233.7278162	350.9352957	1.011630635	94
-233.1658087	350.0457165	1.052237384	94
-232.6840923	349.1561403	1.011630697	94
-232.2023757	348.266564	1.011630728	94
-231.7206552	347.4881827	0.915386319	94
-231.2389384	346.5986065	1.011630785	94
-230.7572215	345.7090304	1.011630817	94
-230.1952131	344.8194515	1.052237618	94
-229.7134959	343.9298754	1.011630877	94
-229.2317786	343.0402994	1.011630908	94
-228.8303525	342.1507262	0.975952587	94
-228.5092177	341.2611557	0.945760634	94
-228.1077914	340.3715825	0.975952633	94
-227.7866602	339.3708172	1.051026419	94
-227.3852337	338.481244	0.975952679	94
-227.0640984	337.5916736	0.945760696	94
-226.6626755	336.5909056	1.07827502	94
-226.3415401	335.7013352	0.945760726	94
-225.940117	334.7005673	1.078275063	94
-225.9401472	333.8110078	0.889559411	94
-226.1007641	332.810259	1.013556175	94
-226.2613811	331.8095101	1.013556179	94
-226.4219981	330.8087612	1.013556184	94
-226.5826152	329.8080123	1.013556186	94
-226.7432323	328.8072635	1.01355619	94
-226.823558	327.8065119	1.003970106	94
-226.9841752	326.805763	1.013556197	94
-227.1447925	325.8050142	1.013556203	94
-227.305406	324.9154602	0.903937432	94
-227.4660233	323.9147114	1.013556209	94
-227.5463491	322.9139598	1.003970111	94
-227.7069666	321.913211	1.013556216	94
-227.8675841	320.9124621	1.013556222	94.1
-228.0282016	319.9117133	1.013556224	94.1
-228.5099781	319.1333653	0.915387402	94.1
-229.1523418	318.243828	1.097227294	94.1
-229.7144101	317.4654829	0.960073924	94.1
-230.2764786	316.6871379	0.960073964	94.1
-230.9188389	315.9087957	1.009179545	94.1
-231.4809116	315.0192558	1.052238967	94.2
-232.0429805	314.2409109	0.960074083	94.2
-232.6050495	313.4625661	0.960074122	94.2
-233.2474143	312.5730292	1.097227615	94.2
-233.8897715	311.9058822	0.926125159	94.3
-234.6927083	311.3499358	0.976618569	94.3
-235.5759369	310.7939924	1.043631125	94.3
-236.378874	310.2380463	0.976618679	94.4
-237.1818112	309.6821002	0.976618734	94.4
-237.9847485	309.1261543	0.976618789	94.4
-238.8679777	308.5702113	1.043631376	94.5
-239.6709153	308.0142656	0.976618899	94.5
-240.4738531	307.4583199	0.976618955	94.5
-241.4373664	307.12477	1.019614391	94.6
-242.4008758	306.9024152	0.988833669	94.6
-243.3643812	306.7912555	0.969896457	94.6
-244.4081825	306.5689039	1.06722133	94.7
-245.371688	306.4577445	0.969896505	94.7
-246.3351977	306.2353903	0.988833764	94.7
-247.378995	306.1242341	1.049699288	94.7
-248.3425047	305.9018801	0.98883381	94.7
-249.3060104	305.7907213	0.969896601	94.7
-250.349812	305.5683706	1.067221484	94.7
-251.3133178	305.457212	0.969896649	94.8
-252.2768277	305.2348587	0.988833905	94.8
-253.3206253	305.1237034	1.049699445	94.8
-254.2841269	305.1237402	0.963501586	94.8
-255.2476285	305.1237771	0.963501586	94.8
-256.2914219	305.1238172	1.043793385	94.8
-257.2549235	305.1238544	0.963501586	94.8
-258.2987169	305.1238949	1.043793385	94.8
-259.2622184	305.1239324	0.963501586	94.8
-260.3060118	305.1239732	1.043793385	94.8
-261.2695134	305.124011	0.963501586	94.8
-262.3133068	305.1240521	1.043793385	94.8
-263.2768084	305.1240901	0.963501586	94.8
-264.2403144	305.0129334	0.969896713	94.8
-265.2841078	305.012975	1.043793402	94.8
-266.2476094	305.0130135	0.963501602	94.8
-267.2914028	305.0130553	1.043793402	94.8
-268.2549044	305.0130941	0.963501602	94.8
-269.2986978	305.0131363	1.043793402	94.8
-270.2622039	304.9019805	0.969896729	94.9
-271.3059973	304.902023	1.043793419	94.9
-272.2695035	304.7908674	0.969896745	95
-273.2330051	304.790907	0.963501634	95
-274.2768032	304.679755	1.049699514	95.1
-275.2403048	304.6797948	0.96350165	95.1
-276.2841029	304.5686432	1.049699531	95.2
-277.2476092	304.4574883	0.969896793	95.2
-278.2914027	304.4575319	1.043793489	95.3
-279.254909	304.3463774	0.969896808	95.3
-280.2184107	304.3464179	0.963501698	95.3
-281.2622089	304.2352671	1.049699583	95.4
-282.2257106	304.2353079	0.963501714	95.4
-283.2695089	304.1241573	1.0496996	95.5
-284.2330154	304.0130035	0.969896857	95.5
-285.2768089	304.0130482	1.043793559	95.6
-286.2403155	303.9018947	0.969896873	95.6
-287.284109	303.9019397	1.043793576	95.7
-288.2476156	303.7907865	0.969896889	95.7
-289.2111174	303.7908283	0.963501779	95.8
-290.2549158	303.6796789	1.04969967	95.8
-291.2184176	303.679721	0.963501795	95.8
-292.2622161	303.5685718	1.049699687	95.9
-293.225718	303.5686143	0.963501811	95.9
-294.2695165	303.4574654	1.049699704	96
-295.2330183	303.4575081	0.963501827	96
-296.2768169	303.3463596	1.049699722	96
-297.2403188	303.3464026	0.963501843	96.1
-298.2038256	303.2352508	0.969896969	96.1
-299.2476193	303.2352977	1.043793681	96.2
-300.2111262	303.1241462	0.969896985	96.2
-301.2549199	303.1241934	1.043793698	96.2
-302.2184268	303.0130422	0.969897001	96.3
-303.2622205	303.0130897	1.043793716	96.3
-304.2257275	302.9019388	0.969897017	96.4
-305.2695263	302.7907917	1.049699808	96.4
-306.2330282	302.790836	0.963501924	96.4
-307.1965353	302.6796855	0.969897049	96.5
-308.2403342	302.5685389	1.049699843	96.5
-309.2038362	302.5685836	0.963501956	96.6
-310.2476351	302.4574373	1.049699861	96.6
-311.2111371	302.4574823	0.963501972	96.7
-312.2549361	302.3463364	1.049699878	96.7
-313.2184434	302.2351867	0.969897113	96.7
-314.1819454	302.2352322	0.963502004	96.7
-315.2257445	302.1240867	1.049699913	96.7
-316.1892465	302.1241324	0.96350202	96.7
-317.2330456	302.0129872	1.04969993	96.7
-318.196553	301.9018383	0.96989716	96.7
-319.1600711	301.5682997	1.019615152	96.8
-320.0433027	301.1235624	0.988882906	96.8
-320.9265345	300.6788253	0.988882959	96.8
-321.8097664	300.2340883	0.988883012	96.8
-322.6930038	299.6781564	1.043632376	96.9
-323.576236	299.2334196	0.988883131	96.9
-324.4594682	298.788683	0.988883183	96.9
-325.2624088	298.3439425	0.917882103	97
-325.9047874	297.4544145	1.097228471	97
-326.4668689	296.6760776	0.960074953	97
-327.0289504	295.8977407	0.960074991	97
-327.6713241	295.1194079	1.009180825	97
-328.2334059	294.3410711	0.960075068	97
-328.7954934	293.4515394	1.052239939	97
-329.3575755	292.6732028	0.960075152	97
-329.9196633	291.7836712	1.052240015	97
-330.4014538	291.0053307	0.915388475	97
-330.9635418	290.1157992	1.052240091	97
-331.445338	289.2262638	1.011632766	97
-332.0074208	288.4479273	0.96007536	97
-332.4892173	287.558392	1.011632826	97
-333.0513059	286.6688607	1.052240246	97
-333.3725186	285.7793174	0.945761547	97
-333.7740234	284.8897781	0.975954011	97
-334.0952419	283.8890399	1.05102724	97
-334.4164548	282.9994966	0.945761592	97
-334.8179655	281.9987625	1.078276249	97
-335.1391787	281.1092193	0.945761623	97
-335.540684	280.2196801	0.975954127	97
-335.861903	279.218942	1.051027309	97
-336.1831164	278.3293988	0.945761669	97
-336.4240434	277.3286566	1.029335068	97
-336.6649704	276.3279145	1.029335076	97.1
-336.8255998	275.4383632	0.903937646	97.1
-337.066527	274.4376211	1.029335091	97.1
-337.3074543	273.4368789	1.029335101	97.1
-337.5483816	272.4361368	1.029335109	97.1
-337.7090112	271.5465856	0.903937661	97.1
-337.7893542	270.5458353	1.003970162	97.1
-337.789405	269.545081	1.000754339	97.1
-337.7894559	268.5443266	1.00075434	97.1
-337.869799	267.5435764	1.003970165	97.1
-337.8698498	266.542822	1.000754338	97.2
-337.8699007	265.5420677	1.000754339	97.2
-337.9502438	264.5413174	1.003970168	97.2
-337.9502946	263.5405631	1.000754339	97.2
-337.9503455	262.5398088	1.00075434	97.3
-337.6292214	261.650233	0.945761942	97.3
-337.0672146	260.87184	0.960076722	97.3
-336.4249209	259.9822481	1.097230587	97.3
-335.8629139	259.2038552	0.960076805	97.3
-335.3009066	258.4254624	0.960076845	97.3
-334.7389049	257.5358746	1.052241559	97.3
-334.096605	256.7574779	1.009183181	97.3
-333.5345974	255.9790852	0.960076966	97.4
-332.9725951	255.0894976	1.05224167	97.4
-332.2499969	254.4222919	0.983520075	97.4
-331.4471005	253.8662772	0.976624273	97.4
-330.6442039	253.3102626	0.976624328	97.4
-329.8413128	252.6430531	1.043936121	97.5
-329.038416	252.0870387	0.97662445	97.5
-328.235519	251.5310244	0.976624504	97.5
-327.3523295	250.9750063	1.043637847	97.5
-326.5494377	250.3077972	1.043936338	97.5
-325.7465403	249.7517832	0.976624682	97.6
-324.8633395	249.4181552	0.944114062	97.6
-323.8998461	249.0845235	1.019622337	97.6
-323.0166505	248.6397008	0.988889131	97.6
-322.0531569	248.3060693	1.019622444	97.6
-321.1699556	247.9724418	0.944114241	97.6
-320.2064618	247.6388105	1.019622535	97.6
-319.2429733	247.1939845	1.061216473	97.6
-318.3597718	246.8603574	0.944114379	97.7
-317.3962723	246.6379215	0.988842177	97.7
-316.4327729	246.4154857	0.988842208	97.7
-315.4692733	246.1930501	0.988842239	97.7
-314.4254812	245.9706108	1.067230632	97.7
-313.4619815	245.7481755	0.988842302	97.7
-312.498487	245.4145453	1.019622839	97.7
-311.5349872	245.1921103	0.988842381	97.7
-310.5714873	244.9696754	0.988842412	97.6
-309.6079874	244.7472406	0.988842444	97.6
-308.644477	244.7471958	0.963510334	97.5
-307.6006793	244.6359525	1.049708885	97.5
-306.637169	244.635908	0.96351035	97.5
-305.5933661	244.63586	1.043802879	97.4
-304.6298558	244.6358158	0.96351035	97.4
-303.586058	244.5245731	1.049708902	97.3
-302.6225476	244.5245292	0.963510366	97.3
-301.6590372	244.5244854	0.963510366	97.2
-300.6152394	244.4132432	1.04970892	97.2
-299.651729	244.4131997	0.963510382	97.2
-298.6079261	244.4131528	1.043802914	97.1
-297.6444157	244.4131096	0.963510382	97.1
-296.6006177	244.301868	1.049708937	97
-295.6371073	244.3018251	0.963510398	97
-294.6735969	244.3017824	0.963510398	96.9
-293.629794	244.3017362	1.043802932	96.9
-292.6662836	244.3016937	0.963510398	96.8
-291.6224807	244.3016479	1.043802932	96.8
-290.6589703	244.3016057	0.963510398	96.8
-289.6151673	244.3015601	1.043802932	96.7
-288.6516569	244.3015182	0.963510398	96.7
-287.607854	244.301473	1.043802932	96.7
-286.6443388	244.4126263	0.969905451	96.7
-285.6808284	244.4125849	0.963510382	96.7
-284.6370255	244.4125401	1.043802914	96.7
-283.6735152	244.412499	0.963510382	96.7
-282.6297122	244.4124545	1.043802914	96.7
-281.6662019	244.4124136	0.963510382	96.7
-280.6223989	244.4123695	1.043802914	96.7
-279.6588886	244.4123289	0.963510382	96.7
-278.615081	244.52348	1.04970892	96.7
-277.6515706	244.5234397	0.963510366	96.7
-276.6880603	244.5233996	0.963510366	96.7
-275.6442574	244.5233562	1.043802897	96.7
-274.680747	244.5233164	0.963510366	96.7
-273.6369395	244.6344683	1.049708903	96.7
-272.6734292	244.6344287	0.96351035	96.7
-271.6296263	244.634386	1.043802879	96.7
-270.666116	244.6343467	0.96351035	96.7
-269.7026011	244.7455025	0.969905403	96.7
-268.6587982	244.7454602	1.043802862	96.7
-267.6952879	244.7454214	0.963510334	96.7
-266.6514806	244.8565744	1.049708868	96.7
-265.6879703	244.8565358	0.963510318	96.7
-264.6441674	244.8564942	1.043802844	96.7
-263.6806571	244.8564559	0.963510318	96.7
-262.6368499	244.9676095	1.049708851	96.7
-261.6733396	244.9675715	0.963510302	96.7
-260.7098293	244.9675337	0.963510302	96.7
-259.6660264	244.9674929	1.043802827	96.7
-258.7025118	245.0786502	0.969905355	96.7
-257.658709	245.0786097	1.04380281	96.7
-256.6951987	245.0785724	0.963510286	96.7
-255.6513959	245.0785322	1.04380281	96.7
-254.6878814	245.1896902	0.969905339	96.7
-253.6440786	245.1896503	1.043802792	96.7
-252.6805683	245.1896136	0.96351027	96.7
-251.717058	245.1895771	0.96351027	96.7
-250.6732552	245.1895377	1.043802792	96.7
-249.7097408	245.3006963	0.969905323	96.7
-248.665938	245.3006572	1.043802775	96.7
-247.7024278	245.3006213	0.963510254	96.7
-246.658625	245.3005825	1.043802775	96.7
-245.6951106	245.4117417	0.969905308	96.7
-244.6513079	245.4117032	1.043802757	96.7
-243.6877976	245.4116679	0.963510238	96.7
-242.7242915	245.3004377	0.969905307	96.7
-241.6804887	245.3003997	1.043802775	96.6
-240.7169784	245.3003647	0.963510254	96.6
-239.6731757	245.300327	1.043802775	96.6
-238.7096694	245.1890975	0.969905323	96.6
-237.6658666	245.1890601	1.043802792	96.6
-236.7023563	245.1890257	0.96351027	96.6
-235.7388461	245.1889915	0.96351027	96.6
-234.6950472	245.0777596	1.049708816	96.6
-233.7315369	245.0777257	0.963510286	96.6
-232.6877341	245.0776891	1.04380281	96.5
-231.7242277	244.9664605	0.969905355	96.5
-230.6804249	244.9664242	1.043802827	96.5
-229.7169146	244.9663909	0.963510302	96.5
-228.6731156	244.85516	1.049708851	96.5
-227.7096052	244.8551269	0.963510318	96.5
-226.7460949	244.855094	0.963510318	96.5
-225.7022959	244.7438636	1.049708868	96.5
-224.7387855	244.7438309	0.963510334	96.5
-223.6949827	244.7437957	1.043802862	96.4
-222.7314723	244.7437634	0.963510334	96.4
-221.6876732	244.6325336	1.049708886	96.4
-220.7241628	244.6325015	0.96351035	96.4
-219.6803599	244.632467	1.04380288	96.3
-218.7168533	244.5212403	0.969905419	96.3
-217.7533429	244.5212087	0.963510367	96.3
-216.7095436	244.4099797	1.04970892	96.2
-215.7460368	244.2987534	0.969905451	96.2
-214.78253	244.1875273	0.969905467	96.2
-213.7387307	244.0762987	1.049708973	96.2
-212.7752238	243.9650729	0.969905499	96.1
-211.8117169	243.8538472	0.969905515	96.1
-210.7679209	243.6314242	1.067230991	96.1
-209.8044139	243.5201988	0.969905563	96.1
-208.8409069	243.4089736	0.969905579	96
-207.7971073	243.2977459	1.049709094	96
-206.8336002	243.186521	0.969905611	96
-205.8700931	243.0752961	0.969905628	95.9
-204.8262934	242.964069	1.049709146	95.9
-203.8627862	242.8528445	0.969905659	95.9
-202.899279	242.7416201	0.969905675	95.9
-201.9357718	242.6303958	0.969905691	95.8
-200.8919719	242.5191693	1.049709216	95.8
-199.9284646	242.4079453	0.969905723	95.8
-198.9649573	242.2967215	0.969905739	95.8
-197.9211574	242.1854954	1.049709268	95.8
-196.9576499	242.0742719	0.969905771	95.8
-195.9941425	241.9630485	0.969905788	95.8
-194.9503425	241.8518229	1.04970932	95.8
-193.9868349	241.7405998	0.96990582	95.8
-193.0233339	241.406987	1.019623388	95.8
-192.1401285	240.9621817	0.988890042	95.8
-191.1766272	240.6285691	1.019623495	95.9
-190.2131258	240.2949567	1.01962354	95.9
-189.3299169	239.9613467	0.944115238	95.9
-188.3664153	239.6277346	1.019623632	95.9
-187.4029136	239.2941226	1.019623678	95.9
-186.4394119	238.9605107	1.019623723	95.9
-185.5562057	238.5157063	0.988890332	95.9
-184.5927037	238.1820947	1.01962383	95.9
-183.6292016	237.8484833	1.019623876	95.9
-182.7459921	237.5148742	0.944115541	96
-181.7824898	237.181263	1.019623967	96
-180.8189875	236.8476519	1.019624013	96
-179.9357807	236.4028483	0.988890582	96
-178.9722781	236.0692375	1.019624119	96
-178.0087754	235.7356269	1.019624165	96
-177.1255653	235.4020185	0.944115804	96
-176.2423581	234.9572153	0.988890755	96
-175.278858	234.5124101	1.061218142	96
-174.3956505	234.0676072	0.98889086	96
-173.5124429	233.6228044	0.988890912	96
-172.6292352	233.1780017	0.988890966	96
-171.7460273	232.7331991	0.988891018	96
-170.7825267	232.2883946	1.061218435	96
-169.8993186	231.8435923	0.988891124	96
-169.0161103	231.3987901	0.988891177	96
-168.132902	230.953988	0.988891229	96
-167.2496936	230.509186	0.988891282	96
-166.2861895	230.1755771	1.019624926	96
-165.4029808	229.7307753	0.988891374	96
-164.519772	229.2859737	0.988891427	96
-163.6365631	228.8411722	0.98889148	96
-162.7533541	228.3963708	0.988891532	96
-161.7898522	227.9515676	1.061219005	96
-160.9066429	227.5067665	0.988891638	96
-160.0234335	227.0619655	0.988891691	96
-159.2205194	226.5059716	0.976626989	96
-158.3373098	226.0611708	0.98889181	96
-157.4541027	225.5051752	1.043640711	96
-156.5708928	225.0603746	0.988891929	96
-155.6876854	224.5043792	1.043640823	96
-154.8044752	224.0595789	0.988892047	96
-154.0015603	223.5035856	0.976627288	95.9
-153.11835	223.0587855	0.988892166	95.9
-152.235142	222.5027906	1.043641049	95.9
-151.3519314	222.0579908	0.988892284	95.9
-150.4687231	221.5019961	1.043641161	95.9
-149.5855122	221.0571965	0.988892403	95.8
-148.7825965	220.5012038	0.976627586	95.8
-147.8993854	220.0564044	0.988892522	95.8
-147.0161741	219.6116051	0.988892575	95.8
-146.1329652	219.055611	1.043641436	95.8
-145.330049	218.4996188	0.976627784	95.8
-144.6074279	217.8324335	0.983522998	95.8
-143.8045114	217.2764414	0.976627905	95.8
-143.0015971	216.6092546	1.043939469	95.8
-142.1986804	216.0532627	0.976628027	95.8
-141.3957658	215.386076	1.043939583	95.8
-140.5928487	214.8300844	0.976628148	95.8
-139.8702268	214.1628996	0.983523291	95.8
-139.0673094	213.6069081	0.97662827	95.8
-138.2643943	212.9397218	1.043939809	95.8
-137.4614766	212.3837305	0.976628392	95.8
-136.6585612	211.7165444	1.043939923	95.8
-135.8556432	211.1605533	0.976628513	95.8
-135.0527275	210.4933674	1.043940037	95.8
-134.3301045	209.8261832	0.983523637	95.9
-133.6074813	209.1589991	0.983523689	95.9
-132.884858	208.4918151	0.983523744	95.8
-132.1622346	207.8246311	0.983523798	95.8
-131.4396132	207.0462523	1.062099441	95.8
-130.7169895	206.3790685	0.983523912	95.8
-129.9943656	205.7118848	0.983523966	95.8
-129.2717416	205.0447011	0.983524018	95.8
-128.5491174	204.3775176	0.983524072	95.8
-127.8264931	203.7103341	0.983524126	95.7
-127.0235777	202.9319542	1.118279172	95.7
-126.3009531	202.2647709	0.983524241	95.7
-125.5783284	201.5975876	0.983524294	95.6
-124.8557034	200.9304045	0.983524348	95.6
-124.1330784	200.2632214	0.9835244	95.6
-123.4104532	199.5960384	0.983524453	95.5
-122.6878299	198.8176605	1.062100051	95.5
-121.9652044	198.1504777	0.983524569	95.5
-121.3228718	197.4832964	0.926132823	95.4
-120.6002481	196.7049187	1.062100206	95.4
-119.8776221	196.0377361	0.983524738	95.4
-119.2352911	195.2593601	1.009186964	95.3
-118.5126649	194.5921776	0.983524853	95.3
-117.7900385	193.9249952	0.983524906	95.3
-117.1477071	193.1466194	1.009187094	95.2
-116.4250804	192.4794371	0.983525022	95.2
-115.7024536	191.8122549	0.983525076	95.2
-114.9798286	191.0338779	1.062100625	95.1
-114.3374946	190.3666973	0.9261333	95.1
-113.6148693	189.5883204	1.062100733	95.1
-112.8922418	188.9211386	0.983525306	95.1
-112.2499075	188.2539581	0.926133441	95
-111.5272817	187.4755815	1.062100889	95
-110.8046538	186.8083998	0.983525475	95
-110.0820276	186.0300233	1.062100996	95
-109.4396927	185.3628432	0.926133635	95
-108.7170644	184.6956618	0.983525643	95
-107.9944378	183.9172855	1.062101152	94.9
-107.2718092	183.2501043	0.983525759	94.9
-106.6294737	182.5829244	0.926133821	94.9
-105.9068466	181.8045483	1.062101309	94.9
-105.1842176	181.1373673	0.983525927	94.9
-104.5418834	180.3589927	1.009187879	94.9
-103.8192541	179.6918118	0.983526043	94.9
-103.0966246	179.024631	0.983526096	94.9
-102.4542901	178.2462566	1.009188009	94.9
-101.7316603	177.5790759	0.983526212	95
-101.0090304	176.9118954	0.983526265	95
-100.286402	176.1335199	1.062101728	95
-99.64406514	175.4663407	0.926134298	95
-98.92143644	174.6879655	1.062101834	95
-98.19880592	174.0207852	0.983526496	95
-97.55646866	173.3536062	0.92613444	95
-96.83383948	172.5752311	1.062101991	95
-96.11120853	171.9080511	0.983526665	95
-95.38857903	171.1296762	1.062102098	95
-94.7462412	170.4624975	0.926134633	95
-94.02360981	169.7953176	0.983526833	95
-93.30097984	169.016943	1.062102254	95
-92.6586416	168.3497644	0.926134775	95
-91.93601131	167.5713899	1.062102361	95
-91.21337932	166.9042104	0.983527064	95
-90.4907487	166.125836	1.062102468	95
-89.8484099	165.4586578	0.926134968	95
-89.12577747	164.7914785	0.983527234	95
-88.40314638	164.0131044	1.062102623	95
-87.76080717	163.3459263	0.92613511	95
-87.03817576	162.5675523	1.062102731	94.9
-86.31554274	161.9003733	0.983527463	94.9
-85.59290957	161.2331944	0.983527517	94.9
-84.95057122	160.4548217	1.009189104	94.9
-84.22793776	159.787643	0.983527632	94.9
-83.50530416	159.1204643	0.983527686	94.9
-82.78267179	158.3420908	1.062103043	94.9
-82.06003789	157.6749122	0.983527802	94.8
-81.33740383	157.0077338	0.983527854	94.8
-80.69506323	156.3405564	0.926135579	94.8
-79.97243024	155.5621832	1.062103248	94.8
-79.24979574	154.895005	0.983528023	94.8
-78.52716111	154.2278269	0.983528076	94.8
-77.80452763	153.4494539	1.062103405	94.8
-77.08189269	152.7822759	0.983528192	94.8
-76.43955125	152.1150989	0.926135863	94.8
-75.7169173	151.3367262	1.062103561	94.8
-74.99428192	150.6695484	0.98352836	94.8
-74.2716464	150.0023708	0.983528414	94.9
-73.54901196	149.2239983	1.062103718	94.9
-72.82637614	148.5568207	0.983528529	94.9
-72.18403387	147.8896442	0.926136146	94.9
-71.46139895	147.1112719	1.062103874	94.9
-70.73876269	146.4440946	0.983528697	94.9
-70.01612628	145.7769174	0.983528751	94.9
-69.29349089	144.9985453	1.06210403	95
-68.57085418	144.3313683	0.983528866	95
-67.92851107	143.6641921	0.92613643	95
-67.2058752	142.8858203	1.062104186	95
-66.56353182	142.2186443	0.926136526	95
-65.84089563	141.4402726	1.062104293	94.9
-65.11825819	140.7730959	0.983529151	94.9
-64.47591547	139.9947252	1.009190361	94.9
-63.75327773	139.3275487	0.983529266	94.9
-63.11093471	138.549178	1.009190451	94.8
-62.38829668	137.8820017	0.983529382	94.8
-61.66565954	137.1036304	1.062104613	94.8
-61.02331504	136.436455	0.926136913	94.8
-60.30067758	135.6580839	1.062104721	94.8
-59.6583328	134.9909085	0.926137009	94.8
-58.93569404	134.3237325	0.983529665	94.7
-58.29334997	133.5453624	1.009190759	94.7
-57.57071091	132.8781865	0.983529781	94.7
-56.84807266	132.0998158	1.062104984	94.7
-56.2057272	131.4326408	0.926137249	94.7
-55.48308863	130.6542702	1.06210509	94.7
-54.84074288	129.9870954	0.926137345	94.7
-54.118104	129.2087249	1.062105198	94.7
-53.39546405	128.5415495	0.983530128	94.7
-52.75311878	127.7631799	1.009191113	94.7
-52.03047853	127.0960047	0.983530243	94.7
-51.38813296	126.3176352	1.009191202	94.7
-50.66549242	125.6504601	0.983530358	94.7
-50.02314655	124.8720907	1.009191291	94.7
-49.30050572	124.2049158	0.983530475	94.7
-48.57786475	123.5377409	0.983530527	94.7
-47.93551843	122.7593718	1.009191421	94.7
-47.21287716	122.092197	0.983530642	94.7
-46.49023574	121.4250224	0.983530695	94.7
-45.76759495	120.6466529	1.062105831	94.7
-45.04495323	119.9794784	0.98353081	94.8
-44.32231137	119.312304	0.983530864	94.8
-43.59966936	118.6451296	0.983530918	94.8
-42.87702721	117.9779554	0.983530971	94.8
-42.15438562	117.1995863	1.062106085	94.7
-41.43174316	116.5324122	0.983531085	94.7
-40.70910056	115.8652382	0.98353114	94.7
-39.98645782	115.1980642	0.983531193	94.7
-39.26381493	114.5308903	0.983531246	94.7
-38.54117254	113.7525216	1.06210634	94.7
-37.81852935	113.0853479	0.983531362	94.7
-37.09588601	112.4181743	0.983531414	94.7
-36.37324253	111.7510007	0.983531468	94.6
-35.65059891	111.0838273	0.983531521	94.6
-35.00824987	110.3054594	1.009192187	94.6
-34.28560595	109.638286	0.983531637	94.6
-33.56296189	108.9711128	0.98353169	94.6
-32.84031768	108.3039396	0.983531744	94.5
-32.11767332	107.6367665	0.983531796	94.5
-31.39502935	106.8583986	1.062106849	94.5
-30.67238469	106.1912257	0.983531912	94.5
-29.94973989	105.5240528	0.983531965	94.5
-29.22709494	104.85688	0.983532019	94.5
-28.50444985	104.1897073	0.983532072	94.5
-27.78180508	103.4113398	1.062107104	94.5
-27.05915968	102.7441673	0.983532187	94.5
-26.33651414	102.0769948	0.98353224	94.5
-25.61386846	101.4098224	0.983532294	94.4
-24.89122263	100.7426501	0.983532347	94.4
-24.16857706	99.96428297	1.06210736	94.5
-23.44593093	99.29711082	0.983532462	94.5
-22.72328465	98.62993875	0.983532516	94.5
-22.00063823	97.96276676	0.983532569	94.5
-21.27799166	97.29559485	0.983532623	94.5
-20.5553453	96.51722809	1.062107614	94.5
-19.83269843	95.85005634	0.983532738	94.5
-19.11005141	95.18288466	0.983532791	94.5
-18.4676986	94.51571329	0.926139722	94.5
-17.7450513	93.84854176	0.983532898	94.5
-17.02240415	93.07017538	1.062107869	94.5
-16.29975655	92.40300401	0.983533013	94.5
-15.57710881	91.73583272	0.983533066	94.5
-14.85446092	91.06866151	0.98353312	94.5
-14.13181289	90.40149037	0.983533173	94.4
-13.40916493	89.62312439	1.062108124	94.4
-12.6865166	88.95595341	0.983533288	94.4
-11.96386812	88.28878251	0.983533341	94.4
-11.2412195	87.62161169	0.983533395	94.4
-10.51857073	86.95444095	0.983533448	94.4
-9.795921975	86.17607536	1.062108379	94.4
-9.073272904	85.50890478	0.983533564	94.3
-8.350623687	84.84173427	0.983533616	94.3
-7.627974325	84.17456384	0.983533669	94.3
-6.905324819	83.50739349	0.983533723	94.3
-6.182675271	82.7290283	1.062108633	94.3
-5.460025462	82.0618581	0.983533839	94.2
-4.737375509	81.39468799	0.983533892	94.2
-4.01472541	80.72751795	0.983533946	94.2
-3.292075167	80.060348	0.983533998	94.1
-2.569424821	79.28198319	1.062108888	94.1
-1.846774275	78.61481339	0.983534114	94.1
-1.204418127	77.94764368	0.926140832	94
-0.481767299	77.28047403	0.98353422	94
0.321178232	76.61330446	1.043952469	94
0.963534807	75.83494004	1.009194307	94
1.766480657	75.16777064	1.043952604	94
2.489132085	74.50060132	0.983534443	94
3.211783658	73.83343207	0.983534495	94
3.934435375	73.16626289	0.983534548	94.1
4.576792707	72.38789882	1.009194518	94.1
5.299444719	71.72072979	0.983534665	94.1
6.022096976	70.94236592	1.062109505	94.1
6.664454655	70.27519698	0.926141346	94.1
7.38710723	69.49683325	1.062109612	94.1
8.02946532	68.71846951	1.009194744	94.2
8.752118077	68.05130086	0.983534957	94.2
9.394476466	67.27293725	1.009194833	94.2
10.11712952	66.60576875	0.983535073	94.2
10.75948821	65.82740528	1.009194921	94.3
11.48214155	65.16023692	0.983535188	94.3
12.12450054	64.38187358	1.00919501	94.3
12.84715418	63.71470538	0.983535304	94.3
13.56980819	62.93634232	1.062110098	94.4
14.21216764	62.15797918	1.009195146	94.4
14.93482173	61.4908112	0.983535481	94.4
15.57718147	60.71244819	1.009195237	94.5
16.29983586	60.04528036	0.983535596	94.5
16.9421959	59.26691748	1.009195325	94.6
17.66485058	58.5997498	0.983535712	94.6
18.30721093	57.82138705	1.009195413	94.6
19.02986622	57.0430246	1.062110533	94.7
19.67222654	56.3758569	0.926142278	94.7
20.39488215	55.59749459	1.062110639	94.8
21.03724275	54.93032704	0.926142374	94.8
21.75989868	54.15196487	1.062110747	94.9
22.40225956	53.48479745	0.92614247	94.9
23.1249158	52.70643543	1.062110853	94.9
23.84757181	52.03926843	0.983536236	94.9
24.48993351	51.26090627	1.009195817	94.9
25.21259024	50.48254449	1.062111018	94.9
25.85495182	49.81537739	0.926142717	94.8
26.57760886	49.03701576	1.062111124	94.8
27.21997072	48.3698488	0.926142814	94.7
27.94262808	47.59148731	1.062111232	94.7
28.58499022	46.92432048	0.926142911	94.6
29.30764789	46.14595913	1.062111338	94.6
29.9500103	45.47879244	0.926143007	94.5
30.6726683	44.70043124	1.062111445	94.5
31.31503151	43.92206975	1.009196269	94.5
32.0376893	43.25490363	0.983536936	94.4
32.76034778	42.47654267	1.062111611	94.4
33.40271089	41.8093763	0.926143252	94.4
34.12536968	41.03101548	1.062111717	94.3
34.76773307	40.36384925	0.926143349	94.3
35.49039219	39.58548858	1.062111823	94.3
36.13275585	38.91832248	0.926143447	94.2
36.85541528	38.13996196	1.062111931	94.2
37.49777985	37.36160107	1.009196671	94.2
38.22043897	36.69443562	0.983537461	94.2
38.86280384	35.91607486	1.009196761	94.1
39.58546325	35.24890956	0.983537576	94.1
40.22782842	34.47054893	1.00919685	94.1
40.95048813	33.80338378	0.983537691	94.1
41.59285359	33.02502328	1.009196938	94.1
42.3155136	32.35785828	0.983537807	94
43.03817446	31.57949843	1.062112416	94
43.68054039	30.80113813	1.009197074	94
44.40320084	30.13397336	0.983537985	94
45.04556707	29.35561319	1.009197164	94
45.76822781	28.68844856	0.983538099	94
46.41059434	27.91008853	1.009197254	94
47.13325538	27.24292405	0.983538215	94
47.7756222	26.46456415	1.009197342	94
48.49828354	25.79739982	0.983538331	94
49.14065066	25.01904005	1.00919743	94
49.86331229	24.35187587	0.983538446	94
50.58597491	23.57351684	1.062113007	94
51.22834164	22.9063522	0.92614452	94
51.95100457	22.12799331	1.062113114	94
52.59337158	21.4608288	0.926144615	94
53.31603483	20.68247007	1.062113222	94
54.03869735	20.01530634	0.983538792	94
54.68106568	19.23694711	1.009197786	94
55.40372849	18.56978353	0.983538908	94
56.04609712	17.79142443	1.009197876	94
56.76876023	17.124261	0.983539023	94
57.49142444	16.34590272	1.062113542	94
58.13379256	15.67873874	0.926145004	94
58.85645709	14.90038061	1.062113648	94
59.49882548	14.23321677	0.926145101	94
60.22149033	13.45485878	1.062113757	94
60.863859	12.78769507	0.926145196	94
61.58652417	12.00933724	1.062113863	94
62.1485988	11.23097798	0.960089076	94
62.79096893	10.45261953	1.009198325	94
63.3530449	9.563065448	1.052252756	94
63.91511996	8.784706338	0.960089198	94
64.47719514	8.006347277	0.960089235	94
65.11956694	7.116794124	1.097244887	94
65.68164241	6.338435165	0.960089318	94
66.243718	5.560076253	0.960089356	94
66.88608916	4.781718196	1.009198675	94
67.44816616	3.89216446	1.052253012	94
68.01024217	3.113805697	0.960089478	94
68.57231831	2.335446982	0.960089516	94
69.21469121	1.445894224	1.097245208	94
69.77676763	0.667535611	0.960089599	93.9
70.33884419	-0.110822954	0.960089636	93.9
70.82062656	-1.000377255	1.01164278	93.9
71.06152374	-2.001129025	1.029337435	93.9
71.22212428	-2.89068672	0.90393884	93.9
71.46302159	-3.891438476	1.029337451	94
71.62362343	-4.892191088	1.013557468	94
71.86452087	-5.89294283	1.029337469	94
72.02512281	-6.893695432	1.013557475	94
72.26601918	-7.783252232	0.92159772	94
72.42662123	-8.784004825	1.013557483	94
72.66751893	-9.784756536	1.0293375	94
72.82812109	-10.78550912	1.013557491	94
73.06901893	-11.78626082	1.029337518	94
73.22961997	-12.67581846	0.903938882	94
73.47051794	-13.67657015	1.029337534	94
73.39023333	-14.67732537	1.003970439	94
72.90846913	-15.56689008	1.011643281	94
72.50700047	-16.45645389	0.975961496	94
72.02523601	-17.34601854	1.011643343	94
71.54347143	-18.23558315	1.011643374	94
71.14200243	-19.12514687	0.975961561	94
70.6602376	-20.01471142	1.011643436	94
70.17847264	-20.90427593	1.011643466	94
69.69670755	-21.79384041	1.011643495	94
69.29523809	-22.68340402	0.97596165	94
68.81347275	-23.57296844	1.011643558	94
68.33170729	-24.46253282	1.011643588	94
67.68934785	-25.12970895	0.926147737	94
66.8863967	-25.79688663	1.043961981	94
66.16374119	-26.46406342	0.983542504	94
65.44108553	-27.13124013	0.983542556	94
64.71842973	-27.79841676	0.98354261	94
63.91547796	-28.46559409	1.043962229	94
63.19282186	-29.13277055	0.983542716	94
62.47016561	-29.79994694	0.98354277	94
61.74750922	-30.46712325	0.983542823	94
61.02485269	-31.13429948	0.983542876	94
60.22190014	-31.80147636	1.043962538	94
59.49924331	-32.46865242	0.983542983	94
58.77658633	-33.13582841	0.983543037	94
58.05392921	-33.80300431	0.983543089	94
57.33127194	-34.47018014	0.983543142	94
56.52831862	-35.13735658	1.043962848	94
55.72536514	-35.80453291	1.043962909	94
54.76181599	-36.02693077	0.988882083	94
53.79826677	-36.24932849	0.988882114	94
52.83471838	-36.58292099	1.019661449	94
51.87116902	-36.80531843	0.988882192	94
50.90761959	-37.02771573	0.988882224	94
49.94407094	-37.36130782	1.019661556	94
48.98052137	-37.58370484	0.988882303	94
48.01697173	-37.80610172	0.988882334	94
47.05342282	-38.13969338	1.019661662	94
46.08987304	-38.36208998	0.988882412	94
45.1263232	-38.58448644	0.988882444	94
44.24306998	-38.91807716	0.944149888	94
43.27951999	-39.14047335	0.988882522	94
42.31596994	-39.36286941	0.988882553	94
41.27212387	-39.58526582	1.06727447	94
40.30857166	-39.4740768	0.969946311	94
39.34502015	-39.47408257	0.963551514	94
38.30117204	-39.36289374	1.049753229	94
37.33761991	-39.25170429	0.969946279	94
36.29377187	-39.14051515	1.049753194	94
35.3302204	-39.14052033	0.963551466	94
34.28637241	-39.02933087	1.049753177	94
33.3228204	-38.91814084	0.969946231	94
32.27897248	-38.80695106	1.049753142	94
31.31542106	-38.80695567	0.963551417	94
30.43216407	-38.47337499	0.944149874	94
29.62920162	-37.80620906	1.043963157	94
28.82623982	-37.25023795	0.976653228	94
28.1035736	-36.58307149	0.983543364	94
27.30061162	-35.91590527	1.043962982	94
26.49765024	-35.35993389	0.97665304	94
25.69468856	-34.69276748	1.043962868	94
24.97202336	-34.1367956	0.911783817	94
24.16906199	-33.469629	1.043962755	94
23.36610116	-32.91365724	0.976652797	94
22.5631401	-32.24649045	1.043962641	94
21.76017919	-31.57932357	1.043962579	94
21.03751465	-31.02335126	0.911783549	94
20.23455405	-30.35618419	1.043962465	94.1
19.43159393	-29.80021195	0.976652488	94.1
18.86952082	-29.02184908	0.960091106	94.1
18.30744754	-28.13229124	1.052254498	94.1
17.74537471	-27.35392828	0.960091024	94.1
17.18330172	-26.46437034	1.052254422	94.1
16.62122915	-25.68600729	0.960090941	94.1
16.05915646	-24.79644925	1.052254348	94.1
15.49708417	-24.0180861	0.960090859	94.1
14.93501176	-23.12852797	1.052254271	94.1
14.37293974	-22.35016472	0.960090777	94.1
13.81086762	-21.4606065	1.052254197	94.1
13.24879588	-20.68224316	0.960090694	94.1
12.76701978	-19.79268469	1.011643459	94.1
12.20494829	-19.01432126	0.960090611	94.1
11.64287694	-18.23595778	0.960090572	94.1
11.08080554	-17.34639933	1.052254011	94.1
10.51873446	-16.56803575	0.96009049	94.1
9.956663351	-15.6784772	1.052253936	94.1
9.394592547	-14.90011353	0.960090408	94.1
8.832521726	-14.01055489	1.052253861	94.1
8.350746836	-13.23219103	0.915400103	94
7.788676296	-12.3426323	1.052253785	94
7.226606026	-11.56426844	0.960090243	94
6.744831389	-10.67470954	1.011643143	94
6.182761383	-9.896345596	0.960090162	94
5.620691415	-9.006786683	1.052253634	94
5.058621596	-8.117227722	1.052253593	94.1
4.576847575	-7.338863583	0.91539988	94.1
4.014778038	-6.449304534	1.052253519	94.1
3.452708709	-5.670940363	0.960089951	94.1
2.890639462	-4.781381217	1.052253444	94.2
2.408865937	-4.003016923	0.915399751	94.2
1.846796971	-3.113457689	1.052253369	94.2
1.284728177	-2.335093335	0.960089786	94.3
0.722659503	-1.445534007	1.052253293	94.3
0.240886473	-0.667169556	0.915399624	94.3
-0.321181921	0.222389861	1.052253218	94.4
